2337
-2592
-524
-1107
-2970
-2325
2977
-564
706
2839
2984
626
1844
2846
-1747
748
-78
2508
849
1440
-729
-563
-589
-764
460
-1493
1187
145
2761
507
-945
-2831
-31
2434
-2002
-2165
-2798
2897
-2475
-2888
397
-1760
-1862
-1342
2975
1403
-2665
1982
-436
51
1654
-2924
837
-2735
2
-2900
2308
1015
-2088
-3
-540
1740
2479
-616
-2245
676
-491
1685
964
1044
-2102
2330
822
-82
-595
-1150
-721
420
-1157
924
-473
-2018
2255
2803
-2322
2616
848
150
-802
-2403
388
1090
-2691
-453
-2650
2221
2164
1740
402
2495
67
-2592
2792
-799
-2985
-955
-2165
810
-1364
1015
99
-850
-2984
2396
2866
273
48
-1349
226
1457
762
2718
-479
1073
-1419
2179
1004
487
1662
1486
-1671
819
1346
716
-22
2223
328
-1006
1898
-2630
1385
-387
1458
-1987
-526
2882
-1624
-2071
-1373
45
1501
-2898
-1614
2966
-2759
-1208
2535
-2043
2012
-918
-424
-2120
-2596
-2339
-225
-1337
-1300
-1090
-320
-1435
1067
-93
-2251
2849
-2915
-1353
-1796
1118
2305
-304
-1678
-724
-1729
1563
-796
1030
834
2357
-2407
938
-303
1752
464
2337
2920
-86
1020
956
-2427
1919
2290
704
2901
-842
2765
1988
-2780
-2525
-2517
-1030
268
-826
-430
-1589
-2985
-1413
1583
1172
778
2713
-2986
2070
-2841
1347
-2027
-1425
-448
-2691
-2511
-156
1975
687
-2077
-1267
-369
-460
2713
2832
-2048
1214
-2827
97
930
-668
-861
393
-763
1581
2119
2205
-1924
2705
-1921
-139
1796
1577
210
-1034
-2931
853
-111
-1839
949
-1443
2627
71
2240
969
-958
-2867
493
1380
841
1043
-1535
-2298
-1564
1829
-2885
1483
-1877
-2038
-2908
-352
2762
2540
-2676
-1733
2605
382
-458
-1225
-1726
2857
-405
-2588
1974
-2537
-1947
178
-204
1510
1944
-1704
1371
1844
2518
-2928
1303
-727
646
152
-2389
-2724
-120
-602
-2090
1714
1301
-1886
-1723
1544
53
-2032
2601
2042
-1031
1802
-2202
1699
-183
-465
545
1852
-426
2596
-1918
124
-2339
-322
1326
-2978
294
-2759
799
-2546
2025
1914
2923
1535
-1855
2940
1898
-2123
904
937
783
-2484
1478
580
2442
-2157
284
-639
2811
1240
2584
2231
-2659
-1307
354
2898
631
-1607
-2866
2582
1087
1247
1970
333
-1072
1362
-340
1453
-2941
1854
-673
2233
2239
2812
-222
-1970
-1511
-1046
299
-2251
-2002
-2651
-2619
2977
2679
2651
-2599
2447
193
-1482
-1499
2068
-445
-670
-146
-465
-2541
-2079
-948
-1503
-864
-1151
-1309
-1595
-1051
732
-2831
-1504
2010
-684
2379
-2118
815
-2629
-1646
-1564
408
-17
-86
-2931
-2363
2625
-2864
-2970
2949
2274
-2153
210
2636
967
-1545
-2189
-348
486
-2787
-558
7
-1621
-508
-1482
1299
1157
-197
-1149
209
-1581
-1862
1550
732
-2338
2767
730
-1463
-2171
-171
-2878
-828
2022
1981
2431
-1163
2449
1952
-1715
2148
-2514
2165
-289
1672
-299
2528
-1543
-883
876
-2809
-24
1788
-561
-2609
-403
2366
-754
-442
2313
-776
-1580
-2428
2696
276
860
1484
-1282
-116
1168
-1907
-2283
-457
-1980
-2416
-1594
919
-2476
-1112
-2370
2430
768
2588
620
-247
2630
63
703
651
1982
-934
-1192
1086
2645
-2801
691
2952
-103
-2383
-1393
-2285
-1056
-2080
-1936
1001
1558
-2518
-2510
-1500
-2909
-1584
2939
1650
-1753
-2947
1510
-1676
-1653
-1833
-2150
-2834
1400
1213
9
2371
-999
538
-1993
-1483
1036
-1996
721
2561
-1726
2487
203
298
-1784
-1445
1137
-2515
-903
2085
-2996
-626
573
1736
1556
-1334
-481
55
373
-1152
-2584
-1482
-1293
-2511
-1983
-2948
2388
2410
-1551
472
2336
629
1494
1883
185
-317
-390
388
-1325
-2675
2230
1387
-2210
-1373
-925
2470
2169
-680
-442
183
977
602
1931
-2937
2380
1816
-455
-9
-1195
1176
1552
2376
-1549
-2725
-554
-248
-1010
-751
-799
-2832
-2969
1398
1202
-2761
-258
-1401
-1124
1846
1075
-1874
-2227
-1614
-1768
-578
-71
2943
390
-3
-2454
33
-666
2960
-520
-558
353
1683
-2367
-2687
1784
-208
147
895
676
2065
-1707
2370
412
-2113
2116
805
-359
1659
2279
2649
2587
-1998
2080
-1765
-1324
-2252
-1625
-1564
-1463
-502
-937
-1904
1690
1046
1888
2885
675
1181
2654
83
-936
-2778
-1618
-2774
-1406
-763
-1319
-284
-312
145
-1584
-2619
1874
-2150
2837
2448
1943
-2841
-1428
-319
2345
1603
-1704
-702
35
2237
-468
906
966
2222
-1178
-2022
-2422
2354
-512
1359
-50
-2221
422
966
1810
-2098
2651
-2819
309
-91
37
-2512
-2638
-2505
145
-382
-1562
-1841
-2682
1878
1960
2993
2037
457
917
2022
-1002
-1740
1973
-1917
2807
2330
148
773
-1117
1036
-806
-2746
-1999
113
-995
668
-2003
-1885
-242
-2499
-2641
-885
124
610
-1115
1369
-404
589
-813
1278
2993
2854
-377
-1742
-1681
-772
248
100
-517
845
2527
2093
2937
1973
2936
2478
1973
1777
120
-2100
2309
-795
1025
1202
1723
-1048
-1654
2341
2710
2019
-1257
-2701
2628
2525
583
1652
445
-649
-533
-1069
1016
-1269
-2544
1069
2866
-1808
-2204
-2916
-371
-2835
2989
688
730
1219
-1716
-2279
1444
-2781
-885
2234
268
-331
1603
-351
2474
239
60
2689
2882
814
2412
780
-1796
-2488
-361
-1753
1854
2847
2702
-2982
1802
-2348
-2031
-446
977
-457
-2105
-532
1771
2477
-355
696
1505
2501
2463
1189
-1839
-2038
2878
1888
1306
-1671
-2648
195
25
-1639
636
1345
-2362
-407
969
918
237
-2933
-1692
-737
-1565
1865
-976
1843
-663
-2688
-90
-1591
494
2724
-2016
2527
1550
-2711
355
-750
2482
16
418
-1287
-2384
-2222
-1178
1098
2144
2239
2015
1742
-1399
-139
1732
-1772
608
1370
-2472
-6
313
-2177
-2631
-2567
2211
-2024
2447
-2458
-509
-2193
-347
965
-292
1946
2643
2756
-1602
-1669
2113
2344
2294
-328
-2223
-2956
1991
2225
2550
1971
-2678
35
-256
-535
1283
-891
2448
-2969
2109
-2997
-1079
2403
-1921
2963
627
-2374
-2245
203
2490
-974
1713
2897
2189
2608
336
-1712
-1379
741
1938
-1298
-750
2080
-1593
-2564
1778
-1657
1624
263
1512
-2990
-2817
2830
-77
2094
2409
-2574
-1827
-2069
-2685
-1566
-2100
-2593
-51
-1595
-1782
2185
1654
-85
-1245
2387
-1086
2304
-2400
-1331
901
-947
285
904
-606
856
-659
2550
-1464
-2552
1579
431
-2168
-2045
-1920
-2100
-1059
-1102
-2179
-2648
-827
1071
-1916
-2275
-1910
-752
-2861
-56
2338
127
-2754
338
-266
2066
-1233
2756
703
-1066
-2898
540
-2546
-16
-712
-410
-1291
-2237
-1621
-424
2491
1025
-750
-2211
-737
1142
-2892
1315
761
767
1902
-1947
2080
468
-2184
1627
-71
663
-2651
1493
605
2506
1827
-2587
-1034
381
-1117
-879
2670
2381
2192
1240
2075
1464
1766
2510
-462
-865
275
1066
2380
1173
246
1806
1468
-2565
515
-2016
290
-1156
2075
2833
1467
531
1384
-1523
2921
2580
-707
2476
370
1026
2081
1117
491
1636
-429
-2926
-110
1575
-2044
1193
1071
-2686
1868
18
-2206
-2930
-776
2215
2598
717
-311
-1729
2860
1413
956
753
-1451
-2809
706
1024
-1259
-534
1899
2585
1176
-1210
-976
-801
-2589
242
-2863
-2395
1689
1609
-137
-2003
322
2955
-2895
2447
-1696
2308
-74
-1778
-1066
990
1009
-695
2534
1674
2231
1580
-2249
381
-1859
2887
1643
2552
1683
2658
2529
902
137
2982
638
-1022
-857
-2185
1789
-2663
697
-411
-1278
2857
1296
670
1301
20
776
1077
2581
19
1059
1419
-1340
-2767
-1212
1335
429
-1019
833
681
2634
-444
2841
1363
2191
1273
-1656
-1916
-585
1736
-2486
-1715
722
-371
373
-2688
-2586
-823
-2779
-1774
-1518
-2082
-874
804
1773
-370
1664
-2977
-462
120
-2466
-1156
-785
2173
416
231
304
1199
-2757
1222
-594
1062
1149
-619
1925
2208
2584
-796
452
1538
-2478
2954
2691
1449
-724
-998
-300
190
-1721
35
2379
-953
149
-529
-1516
-2064
543
93
-2061
-251
-335
-1773
-1037
1232
1868
-125
-606
305
-1508
-2089
-1306
-1425
-2957
-154
382
-2751
2919
-2190
2108
2907
-2817
2152
1218
-1569
1388
-470
-2489
-22
2136
1568
-2118
-874
-100
2947
-215
-1717
2718
385
1829
-939
1584
152
2409
-356
806
1699
1029
195
-2800
574
1980
-983
814
-2936
2114
-1416
-1160
2025
1854
-2376
-430
1968
1057
-2827
609
-2143
-925
2992
-2885
2101
1261
1846
-2439
-2056
2227
2975
-1531
-1137
1465
579
-2345
709
-2632
-1639
1849
2077
-2635
-988
-987
-1101
2690
132
404
-616
349
1300
2244
1321
50
982
1956
-753
242
566
-2877
251
1028
-1837
799
65
-1546
2788
2377
1724
2651
2253
-951
-2676
-548
1469
-1130
-2576
-2556
-2068
2606
-1731
-78
1916
-46
-1628
-59
-1653
2209
-2960
-1459
-2539
255
130
-682
157
-354
2754
2762
-521
1673
2743
1291
1844
2616
-1529
-1517
2511
-1134
105
-76
-2633
-2720
-1479
32
1348
-1
-1022
-2499
2762
-982
1148
-660
-1586
-1982
-2621
111
754
1421
927
721
1261
1234
-2476
2085
1986
-965
-1072
-866
-456
-513
-1933
-2053
2932
2885
-1928
1353
2278
1662
1818
2015
98
-700
2650
-1078
1746
-170
-1321
-2687
-416
2067
465
1298
1869
-1210
-1018
928
-1401
1430
-2443
-908
-1617
-716
1960
2473
1015
-1035
2962
-1209
-2336
-1338
1549
1798
-1461
845
494
1865
527
2260
1246
1596
602
-467
-29
666
-1158
-1725
-790
-1939
-463
-591
-2118
-996
-1699
413
2351
2237
-861
-629
2936
802
-1828
65
-2418
208
2200
2917
1458
1741
-1628
1309
1972
1786
-1917
1752
-2904
2272
-2297
1491
-2998
-1167
-1051
416
2798
1912
2583
-2331
-2378
-2126
699
986
2515
2212
1101
-1304
-1653
-853
-1767
354
-2394
-698
2746
203
2079
-261
103
115
2382
2400
-365
1265
2872
-2048
1149
580
-1221
2203
576
-973
-634
1557
-796
-50
-409
536
2812
1053
-2926
2071
-546
-2836
-752
-1821
1770
674
1255
-1274
-461
-1557
589
1248
2659
116
-2421
1247
-2020
-935
1587
49
-754
-324
-2716
2123
-1983
-2614
1502
1794
656
-1284
-2946
493
-1552
-2372
-2599
2072
2519
1751
-690
-691
551
1463
-2469
-2512
-1687
415
143
916
1677
1919
1483
-648
2229
-442
-2420
-2294
1596
620
623
-2170
2401
1261
2419
-2012
1192
-1103
-253
1446
-1175
48
-681
2726
-1421
-1216
2414
2342
-173
2048
-628
288
1235
-2577
-67
1187
2383
-1598
2858
-133
2233
1910
-553
-869
1159
-1326
-1592
-298
2166
-2903
2088
-2280
584
-2453
267
-2231
-2172
-1630
-337
1144
-198
1576
882
-1922
-1729
-1057
-182
-1256
-161
-1734
-478
-2774
-1705
671
1166
-2852
-183
-2742
-858
-2645
2967
921
-2687
-1034
-1445
-1111
-2804
-2833
260
1515
261
412
1391
-1100
-2385
-1860
2395
-723
-2854
-2228
-2441
1571
667
-1409
1963
-2806
1762
108
960
-2949
894
-2249
2429
-1267
-2152
-901
2664
-1842
854
-2533
2087
-2682
-1418
-1585
2972
-580
1866
2724
-1932
-1494
-1745
2525
-1616
-1363
477
-409
475
-121
1585
-1662
-1697
734
2858
-1223
235
-831
-377
569
-2195
-2829
-1161
412
-2244
656
2723
-760
2326
-300
801
1234
2971
-2656
2528
-2799
-2411
-1277
2127
-1195
2861
-2049
438
-2919
-384
42
-574
2915
2032
1232
1525
2560
-2854
1263
2246
-177
-2556
1661
341
-1634
2318
-1371
-2522
2482
1874
-2016
-1403
889
935
2563
-831
-2607
-1808
1690
164
2814
-2847
-316
-2046
2247
2048
1897
2361
2676
930
-1424
-2186
-16
-1954
693
-2014
-275
74
-1917
-630
2444
1991
455
-1942
-1991
2222
402
439
230
-690
157
2728
-932
-421
743
2039
957
-2793
-795
-686
139
-1224
843
-2428
-484
-2336
2817
1931
-1726
1657
-913
2388
1515
-143
464
-1328
2259
-1660
1535
2448
530
-1925
-1589
-2202
1745
-602
-2399
2285
-2659
2742
2867
-97
484
-2514
1678
-14
764
-398
1772
514
65
2244
-523
399
-733
-2316
749
-2918
2055
-175
-657
-723
1986
105
2243
-164
1937
1883
340
-1423
-2690
-2689
-1638
-555
-2254
2343
2364
605
2672
-151
1451
1964
1811
-2194
-938
2248
2704
-2768
-71
-2984
-2521
910
-2172
-21
393
1011
-1606
2675
243
1498
-1339
-148
-601
1617
2536
2008
159
-83
-2864
-1793
1170
76
2876
1740
1952
-1714
287
2285
17
1172
853
999
2715
-923
-2343
-529
2783
144
2281
1607
591
1833
-706
1374
-730
2515
702
876
-2652
2366
1971
2447
-2950
-1877
-1332
-637
1230
276
-1605
377
1840
-2051
2450
-2439
1999
-1888
1690
-1068
55
-2169
-777
-1034
-449
1024
-1090
-502
1718
-1366
-758
2503
1020
-2761
874
1003
-650
-2012
-975
-1249
-1249
-2808
-2911
-563
7
2154
-924
-2053
-2940
654
-1976
-2302
1105
115
1166
-788
1159
2690
532
1950
-1820
-511
1702
-2025
-2839
782
1667
220
231
-2678
-805
-1948
1558
2957
1691
-1556
-194
380
-632
2324
2064
2252
-1473
-1338
2457
1000
2906
-487
-2771
-1650
1451
-2410
-265
2096
-1605
1970
1726
-1267
-2725
1261
-635
413
2453
-1023
-305
-827
1810
-1038
-261
596
-1410
-2507
-1946
-1086
875
-2832
1396
2183
-187
-166
-2821
-639
633
-308
-381
-910
-501
-2787
-2164
2634
510
1750
-193
2681
2572
-363
2779
-2195
-2501
1163
2771
-994
486
-1905
2899
2162
92
1407
-1404
-1696
1058
2516
-657
-1663
1634
709
-2781
339
-2341
438
467
-373
2364
-1081
-618
666
-2199
875
66
-2648
2922
1350
-907
2417
-1374
-678
-1266
1586
1584
313
2252
-323
2336
1361
-209
-1916
-987
546
-411
2054
-1916
-2155
2647
-241
-2208
256
1564
-2479
338
2101
22
531
-2490
2976
-1628
-1895
1256
-2878
-1098
893
-325
-1036
-2288
2537
2092
2218
2650
24
2241
335
452
-584
2147
2063
1147
787
1000
-351
-2144
-2004
-697
-1377
-612
-2550
-1373
-834
-2488
-2822
-2349
-2083
2401
1461
-350
1473
2606
2777
1242
-2933
1919
120
1117
-2298
2704
677
-1515
2603
-323
2475
2232
-2963
-327
-1063
-2782
-1515
1751
-1713
-2268
-1260
-2096
1442
-2038
-199
-2176
-606
-715
1388
-2522
-811
-1598
-401
789
-1689
-1324
1539
424
788
-2400
1822
1575
-1596
-1941
1550
-279
-732
-26
-1200
1611
1472
42
-266
189
1767
2566
-744
-1194
2073
1890
-2415
1916
-1796
-1388
-1696
2461
-2566
-2396
280
-1625
-1494
1956
-1619
-1994
-732
-839
162
878
-514
2313
-419
-50
-644
-310
419
507
1952
2914
-640
2962
-1792
842
-331
2183
2132
-444
1055
2466
-2348
148
-2334
-2985
-2989
1581
2200
-350
-2319
-2378
-168
-1424
2650
-1203
1079
-2700
-2602
-1608
-175
257
2089
1885
1493
338
1393
1625
-1133
350
-1096
-2706
-2812
479
-1613
-2467
2022
2999
25
1164
2923
-2100
479
1711
-847
681
-1128
2285
2616
312
-1164
1604
-236
-647
1430
-370
-1449
1345
-845
-2636
427
-1076
1310
-520
-908
1643
1739
2865
-976
-814
-2579
659
-128
-449
2521
168
-2499
873
-694
-2091
2914
-178
2868
-1809
2347
2977
2752
-1072
-351
212
-489
-135
-2489
-1021
-2260
-1910
1287
1382
-578
1553
-2024
146
344
1379
-2490
2997
-2007
-1
-323
1530
-362
546
1938
-1576
-1671
1582
-2991
-164
220
28
2335
-79
1018
151
596
-210
425
-2354
1011
1723
-2812
-785
1574
1164
-176
1600
2397
-77
-788
-245
-1945
2105
-922
-207
-1777
-2466
870
2436
-2972
1921
-1245
-2994
2296
2656
327
2499
2367
-40
-824
2940
2306
-885
-1245
-908
1184
747
-1112
-343
-2350
2496
2927
321
-1770
1009
2848
2444
-289
-2040
1631
804
-449
1756
-1102
-390
-1431
1744
1234
-22
-1887
53
624
2259
-2404
-2258
-2768
-1041
-2389
630
-1818
-1451
2901
62
120
-792
-1838
-1009
2175
-1539
82
1970
1426
-2211
1109
-2837
1176
2610
249
-901
1237
-517
1629
724
2963
111
-1222
348
-1946
1539
-629
1281
1079
32
-2240
1340
-687
-1666
-1174
-1979
-2221
452
-1408
-1139
-1585
712
2644
-491
-35
-1350
-1304
164
-2417
277
2605
2351
2188
-2554
-2199
551
1402
2413
-1539
-1093
2301
223
2768
110
-2630
1313
-1646
1668
864
643
-2595
27
1284
-231
-1973
1467
2859
-1404
1249
-1643
823
-1976
-2473
165
-167
-2614
751
663
-1864
-2564
1631
1963
2029
-1301
-140
2412
-206
244
-315
-1018
-393
1355
428
-2472
1922
197
81
272
-2469
-616
429
-2989
1867
2328
-1926
-1120
217
444
-2563
1008
-2780
-2358
-2841
1150
-2480
-2905
-1677
1234
537
-4
1711
-2125
-850
-1025
1641
2156
-2400
1935
2103
-1527
-1899
1374
-1346
2822
535
1770
-989
-1173
-2821
1251
-1527
2740
650
-2336
1116
931
224
-794
256
713
-699
1996
-2079
1
-2908
-564
-1064
-992
2647
-1215
885
193
-3000
-2804
-1558
2786
-391
2446
1589
1579
-1679
-1217
1862
163
-2118
-358
-2857
-1472
396
584
-2474
-181
2336
1516
550
1139
2473
-813
-2549
549
1629
-2923
-2766
2884
2339
-1902
125
2649
385
2001
2439
-910
2748
2081
-2919
-1454
-2238
2633
-2280
434
-786
-2361
230
1556
749
-1540
225
-928
2270
-2332
2398
-818
26
-173
-2005
2579
-1233
1803
1054
846
-270
1168
1971
318
-1694
1480
665
-2554
1950
-472
-1062
-1585
393
-1760
652
-348
-1697
-2349
-888
2969
1386
-713
1404
-679
-1588
-1597
1574
654
-159
-2151
2312
-55
630
-1192
2267
-639
2325
1330
-2710
-478
-2150
-537
2771
1018
-2700
-2190
-1275
2752
-1279
-1381
-2440
2263
-1861
-1105
2340
2951
-1873
1685
2955
80
-107
-1553
-1080
1591
245
440
480
-915
1859
223
2357
2856
1036
-2273
-1154
578
-2432
-1068
-1015
113
488
-1115
251
-2964
-2749
-1245
659
2705
2461
725
226
-2821
-611
-1175
1547
2952
-2539
-1713
1732
257
-2576
2715
78
770
-2818
1179
1717
1718
1217
2444
-2965
796
-845
-1246
-158
-102
343
-2976
2227
424
1330
917
2598
-1119
1802
-920
-283
656
1944
806
-2495
-1826
240
2556
-2944
1146
-511
1157
-368
-2638
-1738
39
-2499
2359
-2860
1597
-1882
-2633
